0.8542141230068336,0.8
1.6450379951269538,1.4666666666666666
1.6419989313918708,1.4
2.9274239657845422,1.9333333333333333
4.521272364741593,2.1333333333333333
6.352532644720869,2.066666666666667
7.049133296496979,1.9333333333333333
8.251353330892051,2.0
9.049212817618441,2.0
9.657501306623264,1.9333333333333333
10.221825013267715,2.0
11.178797706566378,2.0
12.918738278892075,2.0
13.482378077184654,2.0
13.79582249188557,2.0
0.8542141230068336,0.8
1.6215272184097085,1.1333333333333333
1.6173784227481636,1.1333333333333333
2.9730464836368595,1.2666666666666666
4.746903272141422,1.3333333333333333
6.098634722318612,1.2666666666666666
7.67754207708123,1.2
8.204387735800834,1.1333333333333333
8.910198917314794,1.0666666666666667
9.557984630264139,1.0666666666666667
10.074803045418962,1.0666666666666667
11.227310677435757,1.0666666666666667
12.766554073879036,1.0666666666666667
13.55613856785896,1.0666666666666667
14.058796449987133,1.0
