0.8542141230068336,25.000262617462404
1.6450379951269538,23.194887408824847
1.6419989313918708,23.215001474560342
2.9274239657845422,16.65589803678881
4.521272364741593,11.729403418983594
6.352532644720869,8.18574391628131
7.049133296496979,7.068236585004071
8.251353330892051,5.993638273188325
9.049212817618441,5.483406744550984
9.657501306623264,5.106386510245978
10.221825013267715,4.797629715885715
11.178797706566378,4.2672870040937125
12.918738278892075,3.549602933292055
13.482378077184654,3.3487817554428276
13.79582249188557,3.253429577960916
0.8542141230068336,25.000048674334277
1.6215272184097085,18.372040997987618
1.6173784227481636,18.409283502647696
2.9730464836368595,10.904362010759547
4.746903272141422,7.014575375119099
6.098634722318612,5.320865465669853
7.67754207708123,3.9951841579602196
8.204387735800834,3.6349956696388452
8.910198917314794,3.259631193628158
9.557984630264139,2.9723436937929084
10.074803045418962,2.7693157255151943
11.227310677435757,2.3766945175556096
12.766554073879036,1.974539856738909
13.55613856785896,1.8027120957560316
14.058796449987133,1.699376193908906
