0.8542141230068336,20.56953228977337
1.6430449854857005,14.052072142331827
1.6303125279878077,14.158429424711336
3.005284088744021,7.845863334536146
4.509089816775699,4.960968112592034
6.271460240446363,3.280555848457569
7.637794453344269,2.4955289211517373
8.396812621848925,2.1698914165285133
8.48204472472388,2.13949280455873
9.505638865713141,1.7895458023779511
10.31540326422021,1.567081037569101
11.314882492379553,1.3343537303735653
13.148366614633858,0.9956292020458752
13.570771762495513,0.9314027291823488
14.090365653167122,0.8566695894044565
