0.8542141230068336,0.6666666666666666
1.6430449854857005,0.8666666666666667
1.6303125279878077,0.8666666666666667
3.005284088744021,0.9333333333333333
4.509089816775699,0.8666666666666667
6.271460240446363,0.8
7.637794453344269,0.7333333333333333
8.396812621848925,0.6
8.48204472472388,0.6
9.505638865713141,0.5333333333333333
10.31540326422021,0.4
11.314882492379553,0.4666666666666667
13.148366614633858,0.4666666666666667
13.570771762495513,0.4666666666666667
14.090365653167122,0.4666666666666667
