0.8542141230068336,25.000048674334277
1.6064615914320561,18.505386306614714
1.6241375073799247,18.296654180757116
2.910383998504195,10.962177248803151
4.471858917659179,7.434045813313345
6.374476923925695,4.9959658194111
7.24519821531967,4.286048486479148
8.689587991224956,3.4019523656028396
8.587397371910052,3.4153824559389294
9.32040688821593,3.071585472276766
9.93050253752206,2.818737995457023
11.583816334606107,2.2718399372645917
13.20445346939894,1.8790591108574533
13.657050955375434,1.7799371465203946
14.153852086286458,1.6818698000444332
