0.8542141230068336,0.0
0.8542141230068336,20.56953228977337
1.6455373249925747,14.029034867531886
1.6156579775688504,14.277520604938106
2.935560317723788,8.048695423198218
4.68330980496234,10.336651445162449
6.240545481396886,7.6241861088577165
7.5459282692529115,9.576363921387255
0.8542141230068336,20.56953228977337
1.6425523720630961,14.060742641922792
1.6510781006201516,13.987350715315012
2.9283859272182573,8.072286277479805
4.675610663335762,4.744673707621336
0.8542141230068336,20.56953228977337
1.636645183250622,14.110155292122332
1.6339724421264101,14.131392778726182
2.9972946416358157,7.86741984040477
4.5247711629434875,4.939056664359493
6.005616014271857,3.4730637632616395
0.8542141230068336,20.56953228977337
1.6229987757021915,15.428675473570786
1.6344553958773984,15.280824712531288
2.9164985917080584,16.443298364130374
4.478847939408428,11.575759147266547
5.969225353974004,12.914605071067268
0.8542141230068336,20.56953228977337
1.639100415347273,14.161139303314133
1.6451600401195958,14.098901407440627
3.046194168969883,8.202271380290409
4.602715039925262,5.322316538592103
0.8542141230068336,25.000262617462404
1.6062938064156602,23.428853986953687
1.6515487052288702,23.14596750220309
2.9197409189109402,16.665796765856488
4.613219562931372,11.43437842256213
6.413199442854192,8.072093270146636
7.338451638859357,6.790297121266564
8.118042998378634,6.090085697459521
8.824954708839678,5.607610893536694
9.817857826738496,5.0056786554232655
10.685626344323857,4.540383356117124
11.578253186303964,4.099582959785144
13.370544529823123,3.3990798580328594
13.429191908347764,3.3752962593173597
13.90541960271163,3.226816312876894
