0.8542141230068336,0.0
0.8542141230068336,0.6666666666666666
1.6455373249925747,0.8666666666666667
1.6156579775688504,0.9333333333333333
2.935560317723788,0.9333333333333333
4.68330980496234,1.8666666666666667
6.240545481396886,1.9333333333333333
7.5459282692529115,2.8
0.8542141230068336,0.6666666666666666
1.6425523720630961,0.9333333333333333
1.6510781006201516,0.8666666666666667
2.9283859272182573,0.9333333333333333
4.675610663335762,0.8666666666666667
0.8542141230068336,0.6666666666666666
1.636645183250622,0.8666666666666667
1.6339724421264101,0.8666666666666667
2.9972946416358157,0.9333333333333333
4.5247711629434875,0.8666666666666667
6.005616014271857,0.8
0.8542141230068336,0.6666666666666666
1.6229987757021915,1.0
1.6344553958773984,1.0
2.9164985917080584,1.8666666666666667
4.478847939408428,2.0
5.969225353974004,3.0
0.8542141230068336,0.6666666666666666
1.639100415347273,0.9333333333333333
1.6451600401195958,0.8666666666666667
3.046194168969883,1.0
4.602715039925262,1.0
0.8542141230068336,0.8
1.6062938064156602,1.4666666666666666
1.6515487052288702,1.4666666666666666
2.9197409189109402,1.8666666666666667
4.613219562931372,2.066666666666667
6.413199442854192,2.066666666666667
7.338451638859357,2.0
8.118042998378634,2.0
8.824954708839678,1.9333333333333333
9.817857826738496,2.0
10.685626344323857,1.9333333333333333
11.578253186303964,1.9333333333333333
13.370544529823123,1.8666666666666667
13.429191908347764,2.0
13.90541960271163,2.0
